1.0 1.0 0.0 
-0.25 0.4 0.0
-0.35 0.3 0.0
-0.75 0.8 0.0
-0.65 0.76 0.0
-0.65 0.89 0.0
-0.89 0.94 0.0
-0.66 0.5 0.0
-0.78 0.6 1.0
3.51 -4.2 0.0
1.12 1.0 0.0
1.52 0.9 0.0
0.74 0.8 0.0
0.92 1.8 0.0
1.71 0.8 1.0
-11.7 -1.1 0.0
3.11 0.4 0.0
2.12 0.6 0.0
3.68 -0.3 1.0
-8.7 1.1 0.0
2.0 -0.2 0.0
2.5 0.3 0.0
2.5 -0.2 0.0
2.5 0.3 0.0
0.5 1.5 0.0
-0.1 1.1 0.0
0.2 2.2 0.0
-0.45 -0.1 0.0
-0.5 -0.1 0.0
-1.1 0.22 1.0
-4.0 -6.52 0.0
0.2 1.1 0.0
0.1 2.2 0.0
-0.1 1.5 0.0
-0.11 0.1 0.0
-0.15 0.6 0.0
-0.21 0.65 0.0
-0.11 0.34 0.0
-0.3 1.2 0.0